33
332
981
773
725
404
138
810
695
759
60
494
441
472
207
253
256
79
106
782
600
93
216
861
675
11
624
132
238
467
201
89
69
894
818
342
416
567
817
549
197
865
443
426
873
909
892
654
489
286
822
785
526
17
383
456
416
350
358
71
618
852
735
408
407
541
352
325
874
941
562
930
556
49
556
495
610
61
284
365
749
503
800
766
471
258
612
497
242
573
660
38
643
726
909
408
975
289
279
449
412
317
261
642
899
744
64
203
565
242
801
863
468
232
254
964
979
378
271
914
8
143
25
897
841
391
698
584
405
594
102
163
501
863
994
245
739
215
63
846
881
283
513
431
316
43
209
340
218
992
311
664
811
356
220
71
437
137
199
376
946
136
63
474
77
803
888
474
826
324
225
441
630
928
542
58
583
566
353
181
357
860
574
725
362
644
518
241
581
931
93
25
389
35
600
183
236
505
729
937
762
233
654
796
276
904
430
379
565
571
181
32
187
494
786
873
613
968
623
343
356
261
18
787
839
939
962
346
3
553
651
651
690
237
725
278
748
621
305
664
404
120
623
460
965
319
492
828
132
886
815
872
999
759
358
717
174
328
61
506
97
283
911
40
531
696
783
744
901
774
417
593
254
879
645
290
106
277
660
485
496
327
38
812
984
577
227
584
356
283
384
536
399
944
885
167
284
801
444
305
752
667
901
951
346
111
184
137
954
225
842
76
360
747
43
940
406
779
783
28
657
482
85
563
716
534
68
969
261
578
524
402
12
892
244
234
225
608
680
642
85
771
709
778
692
739
16
824
58
181
75
328
356
670
354
972
320
502
78
93
319
650
647
963
553
721
55
41
978
834
308
701
164
204
286
639
469
957
947
751
658
279
271
172
581
192
888
706
875
977
113
756
624
473
868
171
479
411
294
917
237
781
214
769
854
26
22
114
50
659
493
570
161
785
659
425
772
222
815
662
742
837
798
653
891
335
749
538
751
360
809
741
482
41
348
23
979
959
411
836
267
163
117
920
836
628
879
55
377
770
70
600
208
412
573
585
373
356
120
297
560
25
567
338
666
270
95
966
292
937
605
772
801
391
253
930
261
718
458
437
693
675
791
231
489
476
533
224
408
257
782
240
26
7
889
172
892
28
343
823
472
114
878
371
875
862
67
520
331
880
278
892
792
608
848
595
497
791
592
721
875
820
502
414
894
888
216
346
505
868
716
145
895
321
852
880
793
160
232
865
710
691
337
307
592
379
922
222
769
564
852
29
198
198
858
124
907
470
874
372
927
12
645
973
562
141
504
796
868
932
924
934
919
173
755
51
255
787
357
893
609
451
466
579
650
607
88
2
969
999
7
403
360
213
691
371
239
840
234
951
258
732
751
718
477
568
774
827
556
72
769
491
407
92
242
908
974
328
10
631
377
941
185
231
852
592
759
426
785
897
490
584
902
639
129
697
528
563
985
284
280
466
277
78
325
574
340
959
66
543
102
691
658
206
326
591
225
563
950
787
821
776
376
343
813
333
209
681
913
293
635
942
58
873
739
814
610
203
39
85
63
430
884
815
732
460
936
788
385
448
339
821
829
621
115
518
17
94
344
964
398
648
21
960
762
957
745
348
279
498
973
510
412
836
614
731
984
278
173
606
244
326
37
225
520
560
52
570
153
267
926
634
218
963
631
675
648
518
624
352
970
428
196
401
641
904
514
118
421
988
317
164
560
180
123
646
999
401
347
838
637
794
547
268
226
254
769
62
981
421
440
521
254
175
813
798
55
380
82
985
283
830
466
294
871
524
182
829
296
473
352
296
662
220
71
770
512
289
626
970
336
128
64
343
160
372
815
615
37
303
548
595
738
796
371
397
792
237
766
237
677
246
235
328
35
153
329
763
787
516
516
958
833
168
266
796
882
403
852
705
515
849
345
237
347
94
671
353
252
31
931
895
30
177
283
495
805
266
195
431
996
367
869
155
673
670
852
182
539
565
618
567
961
258
480
687
133
844
591
145
186
450
237
83
706
475
442
693
634
133
971
984
241
954
702
633
599
360
903
525
179
904
3
799
160
370
627
816
281
686
475
398
378
870
979
872
217
490
238
297
196
860
234
347
788
141
687
871
899
32
931
642
547
150
941
713
207
89
728
216
670
941
787
911
388
267
191
55
235
328
552
20
475
381
295
315
365
473
615
221
174
76
719
140
546
245
792
726
511
151
232
272
340
375
110
125
857
449
639
519
432
307
687
981
533
538
972
630
91
476
96
444
335
950
789
116
8
119
502
662
255
660
555
856
795
509
149
352
200
56
363
873
337
429
997
477
980
162
815
828
550
359
160
708
838
709
931
226
230
378
133
520
703
552
617
935
164
776
729
847
682
792
373
285
942
677
24
675
199
757
113
702
486
315
192
52
684
8
138
613
899
616
871
405
663
60
609
430
806
358
24
738
573
730
412
409
397
482
594
152
191
586
890
140
108
750
160
461
720
337
138
982
399
104
554
596
488
782
389
821
241
121
330
562
995
772
727
464
88
262
721
124
427
819
442
445
479
522
688
255
802
479
467
524
274
634
303
782
609
151
155
611
150
679
833
727
308
888
303
152
254
112
5
982
995
919
265
554
431
934
751
697
634
354
93
992
301
910
197
754
2
432
4
560
443
794
67
584
255
412
396
970
368
112
168
223
295
182
894
818
652
41
446
459
161
946
719
626
111
852
366
17
188
488
840
221
891
513
690
590
587
746
462
437
61
790
816
286
968
272
298
454
295
813
758
318
942
839
90
457
337
596
592
410
998
14
534
402
27
796
708
377
603
120
460
98
893
890
375
716
37
918
253
165
208
969
485
994
314
682
918
541
234
494
780
951
344
4
696
702
477
51
17
448
444
368
624
752
352
372
691
0
767
678
735
144
629
909
315
310
692
953
651
191
522
114
650
829
379
817
204
978
864
974
867
19
32
153
616
760
391
413
197
499
269
945
224
679
496
17
362
267
500
501
240
279
81
472
882
342
638
180
371
109
205
869
393
875
598
971
909
738
585
99
444
212
431
479
935
777
440
125
16
273
10
6
607
932
488
801
668
194
897
119
317
0
211
328
314
976
919
150
175
789
975
807
874
317
453
105
589
239
254
281
326
838
39
445
942
767
246
779
391
264
12
721
362
114
522
623
775
225
82
617
589
577
527
58
277
627
848
709
643
888
656
981
228
189
946
160
174
960
19
72
20
305
920
978
865
636
706
10
968
95
487
903
65
559
371
122
798
64
207
317
286
805
64
706
242
652
171
329
967
477
936
558
643
709
564
642
851
310
260
889
741
769
79
61
785
679
867
489
469
28
362
479
217
861
54
382
776
964
395
727
721
9
516
799
236
43
969
369
153
367
839
717
293
72
344
284
366
904
229
557
210
486
994
653
867
185
897
154
589
500
449
425
339
570
975
569
127
515
469
112
569
600
563
860
481
700
388
828
0
995
139
248
988
887
93
54
403
233
793
615
331
813
637
865
694
897
458
630
227
975
947
421
403
56
481
367
978
756
787
317
543
968
740
625
965
479
430
802
498
644
870
339
232
326
111
318
698
53
804
189
642
908
824
913
697
576
800
807
574
752
196
904
122
398
801
807
883
757
850
312
560
922
649
584
180
104
800
656
231
591
13
669
290
749
838
573
457
487
888
426
485
841
119
643
371
581
785
524
839
553
979
834
733
756
417
588
881
154
479
279
373
86
782
944
211
263
36
447
732
910
114
690
745
583
68
887
656
606
852
23
585
108
288
983
432
698
550
41
230
589
933
491
12
139
197
869
799
397
778
184
770
757
701
278
736
409
636
53
314
121
91
0
688
70
26
439
507
251
888
614
170
697
25
892
3
909
581
980
869
269
201
265
323
659
337
318
36
464
190
691
720
493
516
135
142
726
216
714
380
480
736
658
302
869
163
682
171
277
643
29
52
103
288
233
415
113
407
153
499
692
178
419
452
419
538
252
521
541
498
689
372
705
790
511
810
978
67
661
380
915
561
520
869
300
263
999
501
30
918
113
405
284
592
684
588
546
794
231
522
82
288
770
147
269
672
956
534
463
538
925
926
54
134
638
960
900
734
309
846
187
878
437
388
768
505
766
714
619
86
328
193
94
547
270
265
76
936
761
665
941
847
938
145
647
162
245
549
582
550
202
914
79
151
885
431
849
229
544
380
870
141
552
5
729
546
261
93
519
829
606
749
203
187
997
108
437
302
726
515
435
639
622
673
227
370
129
173
103
458
732
410
554
615
125
712
778
869
488
968
246
295
923
216
146
452
460
856
961
209
378
860
954
7
41
827
478
254
825
839
513
898
873
598
951
861
720
24
137
645
453
962
464
671
592
851
609
388
825
701
10
163
247
166
276
904
299
584
865
756
846
5
8
564
343
7
366
622
458
702
416
81
798
419
406
988
478
558
770
819
114
923
401
909
830
906
409
193
532
887
284
754
742
903
83
785
118
132
127
338
673
162
92
161
457
883
792
439
355
128
514
807
953
306
206
118
304
904
304
747
780
417
350
290
818
884
715
431
239
46
353
682
455
172
56
414
504
402
900
446
520
707
371
34
100
137
824
854
596
640
785
52
611
590
472
868
59
885
448
688
112
485
653
413
571
852
65
215
538
63
501
828
414
21
205
955
77
905
375
414
81
409
85
838
193
862
545
615
663
963
305
52
210
224
195
291
700
209
826
716
63
387
689
558
995
991
359
339
307
139
772
485
585
164
76
681
527
888
562
891
584
60
878
794
69
777
402
237
580
372
377
614
343
398
281
78
905
817
514
497
742
333
951
451
147
209
269
931
979
294
466
216
916
472
472
34
362
390
186
330
858
589
702
451
777
624
652
754
998
891
294
53
470
487
872
393
23
200
353
254
983
742
762
270
509
153
31
900
823
280
556
114
862
460
194
782
831
864
899
885
116
420
194
944
875
339
285
14
453
681
887
394
265
633
978
966
657
101
834
369
486
703
8
525
440
936
117
236
336
584
213
924
10
269
118
880
941
591
665
18
821
315
608
101
459
335
129
72
874
974
642
960
53
115
525
964
120
627
374
759
421
822
507
257
952
655
379
191
252
220
42
733
567
888
124
745
259
487
327
122
655
314
87
201
990
244
188
222
646
723
278
302
812
51
484
731
357
376
393
677
224
474
240
952
507
766
450
934
659
699
870
742
640
249
904
237
128
785
28
324
210
73
317
201
838
15
641
355
931
656
519
521
569
265
341
858
441
206
243
122
554
313
379
555
757
29
309
754
362
707
406
684
988
109
849
265
659
193
962
832
521
537
526
147
904
545
910
636
921
352
334
543
367
178
505
578
846
21
87
219
726
178
170
649
605
383
645
149
732
803
454
490
959
481
518
595
139
769
846
324
412
931
428
276
124
414
150
522
731
248
966
405
11
406
959
256
667
566
343
822
415
563
685
889
61
769
77
378
251
362
298
660
360
561
636
410
216
340
10
27
684
15
545
170
681
31
437
707
927
452
760
26
597
698
481
518
556
801
358
159
353
484
677
844
662
208
711
344
331
782
270
661
193
354
137
145
728
268
526
665
194
719
351
587
535
864
920
792
458
401
223
842
619
567
413
234
199
729
812
326
757
66
674
153
963
809
853
275
976
998
167
186
650
864
748
873
316
525
106
520
392
673
641
644
291
11
498
352
529
564
508
844
614
489
221
462
144
115
286
582
617
141
635
791
1
806
921
794
91
880
472
740
39
912
523
860
976
719
645
182
198
808
239
3
391
619
704
404
105
593
132
869
908
585
383
391
630
51
548
344
382
563
401
886
989
0
886
562
114
565
894
98
197
911
852
146
102
760
402
796
431
684
494
477
703
954
966
362
136
989
181
290
772
780
838
86
283
935
153
135
208
691
772
942
501
671
604
2
668
416
388
77
920
946
652
600
459
144
422
472
105
829
245
481
677
172
983
626
482
837
925
809
364
746
600
481
0
777
158
769
770
898
525
919
822
59
991
437
161
786
815
722
264
971
108
308
880
883
595
28
289
180
673
291
285
809
185
876
101
269
51
33
222
951
934
619
599
57
71
36
695
713
770
503
397
631
777
475
463
560
155
436
159
91
278
898
739
770
896
750
892
75
226
850
442
127
991
704
933
626
859
222
246
797
863
136
432
145
132
462
873
357
470
456
998
513
260
264
94
715
124
655
909
706
268
658
372
642
631
94
951
272
428
362
831
646
533
636
513
504
463
830
623
624
69
90
925
815
314
260
782
5
519
71
440
564
937
907
94
520
46
174
997
153
26
672
833
603
405
947
536
749
463
450
55
754
39
801
508
181
473
142
603
200
750
639
917
167
632
589
750
752
686
951
399
781
76
145
699
214
430
941
309
880
239
739
882
339
493
214
299
683
248
407
422
668
283
694
828
156
625
542
86
299
556
665
164
22
106
315
711
597
353
651
392
177
997
656
880
242
799
416
529
512
488
398
933
441
838
269
270
754
366
384
909
161
155
484
519
395
821
33
748
305
870
572
258
344
425
473
890
65
348
887
185
214
216
236
433
590
158
18
393
379
172
274
627
306
537
969
901
771
565
992
522
626
4
593
897
668
12
542
886
142
325
35
928
987
97
351
51
692
244
368
726
957
542
989
480
670
478
143
967
839
321
362
809
887
35
832
982
559
726
224
909
314
169
733
871
616
202
257
513
523
191
828
86
378
378
8
76
228
851
191
589
247
714
694
521
386
269
35
866
311
638
958
296
389
577
244
878
237
244
242
613
131
280
144
431
344
688
731
783
158
712
991
319
691
311
549
866
385
799
642
419
341
461
496
286
679
340
529
493
409
575
904
205
300
351
987
475
447
889
494
641
906
748
585
461
754
785
566
116
189
980
555
195
649
850
135
414
999
435
10
245
742
722
389
51
549
35
421
376
401
109
554
218
657
63
709
0
373
216
161
215
534
417
72
961
890
566
481
818
903
398
969
340
266
86
921
206
904
221
510
512
501
275
870
682
562
91
25
902
141
859
830
332
964
513
416
700
537
312
689
929
677
324
686
972
598
474
266
790
355
52
175
474
930
795
18
802
47
54
127
585
0
74
614
73
222
226
276
78
487
129
452
851
114
261
63
547
474
103
970
522
935
0
568
534
529
183
887
176
502
664
767
911
710
630
864
807
790
700
963
278
218
769
84
911
974
354
470
923
286
293
192
260
340
723
231
948
186
357
604
470
592
658
927
498
225
239
244
271
186
713
789
628
98
319
600
879
288
467
971
170
473
843
333
619
841
507
406
956
212
645
913
946
717
795
449
105
79
948
427
799
363
454
691
976
81
348
169
51
58
256
252
810
900
121
639
351
911
824
260
477
505
16
103
470
477
165
405
780
162
518
932
25
312
981
67
82
5
991
198
321
554
399
467
578
784
440
905
41
759
707
426
882
79
77
237
736
512
37
561
482
16
277
359
947
763
70
712
458
600
561
175
650
249
603
463
194
459
984
696
567
95
212
390
288
839
613
227
506
429
13
543
389
1
32
781
399
874
521
879
296
176
545
668
902
887
594
481
826
845
880
198
946
135
418
643
264
41
280
994
139
110
717
206
892
903
695
653
44
151
460
754
772
166
304
486
933
947
124
456
322
288
593
834
490
65
662
294
290
293
141
537
827
865
28
103
367
321
587
207
378
992
202
912
510
889
837
284
736
647
202
20
50
946
530
876
880
339
839
689
902
859
901
168
361
583
619
176
102
742
668
451
729
605
921
929
351
251
321
30
669
705
396
965
522
636
740
373
626
615
334
563
245
586
439
744
367
815
650
68
905
311
305
242
25
168
746
470
581
578
804
237
621
346
529
12
770
758
911
452
306
819
322
348
749
443
508
663
532
155
840
576
497
452
275
979
258
591
132
966
706
15
741
192
81
226
914
576
506
600
602
785
326
383
236
637
528
286
500
640
144
161
165
966
812
549
225
607
788
292
23
473
980
594
997
31
904
577
959
234
658
570
86
589
232
941
531
485
140
323
214
464
92
898
395
661
771
33
980
381
39
653
389
744
37
931
75
435
241
294
23
256
603
427
738
159
94
164
992
108
131
114
394
705
326
934
783
13
511
993
236
333
267
99
756
458
795
65
888
627
846
83
26
844
467
53
343
567
354
691
587
651
260
642
353
242
399
37
148
71
846
102
864
111
328
253
372
991
856
390
452
375
302
846
913
358
60
446
324
198
283
899
379
185
734
941
115
499
695
14
559
274
578
454
608
604
143
477
46
112
35
112
261
296
561
992
884
620
636
495
514
515
217
900
921
478
211
697
575
981
199
643
115
526
185
961
389
315
766
937
610
52
364
864
150
244
871
432
930
848
669
671
152
758
860
78
788
458
562
951
270
967
421
434
934
660
669
657
999
988
783
698
383
971
555
862
357
694
80
48
68
722
150
568
119
479
748
552
349
982
411
630
912
817
547
404
160
435
940
460
405
984
144
400
781
189
72
977
531
123
868
222
569
312
446
432
167
775
481
644
228
601
526
248
84
436
519
841
962
771
128
412
680
670
867
883
406
723
59
667
959
861
515
844
498
924
679
328
759
589
259
480
840
28
195
971
778
271
187
696
532
517
576
903
840
726
334
723
183
748
644
506
106
11
365
768
406
485
184
976
928
106
346
621
89
206
618
552
395
850
926
499
85
751
844
677
540
913
995
767
299
905
171
191
539
221
130
122
174
156
513
680
417
124
910
666
208
167
747
631
975
478
711
208
862
180
476
136
308
302
129
600
728
225
664
306
3
988
50
772
402
720
130
399
611
453
344
185
149
479
983
200
197
770
888
56
358
969
160
263
849
205
616
774
702
436
363
250
882
815
38
781
17
425
19
679
997
749
246
480
423
799
172
139
150
422
864
11
398
912
872
697
275
550
399
345
478
962
261
617
735
55
996
252
668
447
612
950
8
675
209
361
799
246
147
911
561
906
343
777
990
568
268
895
33
810
792
873
336
388
260
45
226
66
502
258
562
659
21
997
947
975
962
370
301
404
653
637
103
7
701
561
5
585
916
969
284
0
170
885
347
457
482
63
428
58
890
143
164
556
342
724
295
705
527
556
280
482
720
21
247
588
74
76
267
380
441
615
827
449
510
950
72
913
565
855
357
247
634
451
729
867
120
922
404
465
834
934
808
383
758
655
482
754
734
234
929
224
841
952
103
260
82
68
630
589
527
653
364
463
36
765
234
246
649
201
801
400
570
562
750
243
461
251
96
992
481
451
631
86
869
917
656
385
831
511
398
548
134
881
978
780
466
102
750
743
138
359
119
966
558
926
762
287
439
104
88
30
788
183
572
164
494
567
277
552
925
55
7
550
140
10
135
885
891
519
838
870
780
13
933
465
688
787
219
738
283
935
331
444
117
86
905
516
130
76
790
570
204
443
650
747
976
169
410
475
111
806
82
297
445
131
692
675
679
409
594
212
33
280
336
587
837
783
646
430
643
44
268
22
573
693
7
988
522
374
787
557
758
491
89
626
295
105
252
219
619
24
846
790
176
795
792
890
613
707
530
352
647
585
119
804
998
251
317
49
410
689
355
219
64
72
492
921
97
142
108
570
124
135
424
710
722
792
26
329
475
722
317
660
904
537
926
893
49
142
76
632
952
602
914
325
93
83
178
404
906
340
932
671
714
680
103
375
54
935
471
425
521
732
792
657
461
254
914
40
892
822
270
371
444
720
135
52
973
262
364
693
460
681
269
314
437
169
916
414
76
471
39
241
445
841
299
576
278
46
715
309
993
250
976
825
862
236
563
655
200
847
218
867
478
966
303
371
477
315
919
317
141
537
977
457
9
424
901
112
531
41
832
309
719
892
997
250
166
462
685
167
334
350
3
471
592
418
625
955
547
30
191
571
815
925
942
994
572
594
991
585
379
489
945
727
198
714
923
831
532
598
94
930
767
717
935
672
954
847
4
25
261
801
301
56
347
475
765
82
94
199
912
548
665
757
143
795
693
117
602
143
816
964
558
835
260
698
791
566
628
411
79
621
764
782
144
349
737
450
383
804
831
823
873
175
210
100
618
57
766
309
675
227
627
463
20
847
635
15
139
481
430
695
363
256
801
931
641
185
666
700
675
13
942
554
266
876
287
359
737
66
880
233
806
817
251
657
992
480
782
586
34
138
856
331
80
825
482
177
663
996
564
959
162
343
581
215
578
219
616
262
277
757
259
267
914
275
194
456
468
21
955
372
325
184
619
375
325
0
217
648
179
911
9
316
467
41
340
136
17
699
437
425
885
307
495
361
712
961
174
125
773
374
244
836
883
195
413
699
299
998
780
279
413
681
95
979
927
596
801
379
352
972
134
279
154
971
548
900
935
89
897
815
182
683
567
876
837
212
615
598
145
114
13
208
76
290
368
275
982
110
685
745
607
926
76
145
12
549
139
540
344
109
977
32
605
709
678
194
107
434
586
954
183
652
587
841
976
883
50
654
479
465
312
770
829
306
845
0
330
921
890
137
186
629
784
166
826
452
928
463
636
454
132
765
303
533
773
555
107
299
887
682
443
85
530
493
859
623
11
866
620
744
490
122
270
951
365
194
574
758
965
555
624
94
279
152
871
684
677
462
554
538
766
512
233
937
92
691
257
245
284
959
267
985
460
824
428
773
520
748
144
21
573
150
297
340
265
818
823
113
2
178
896
761
327
488
690
605
276
413
677
237
898
777
599
692
150
612
747
22
961
812
82
944
832
128
204
103
12
429
344
372
748
590
730
127
658
234
221
681
500
137
266
126
532
774
47
922
514
356
339
19
151
954
265
8
958
872
84
992
959
391
650
558
51
788
451
884
63
29
947
534
474
151
654
832
313
456
988
578
566
664
110
11
237
165
752
540
927
39
998
6
689
841
972
614
343
594
473
48
62
811
860
915
512
945
570
971
355
981
134
572
692
346
986
942
344
22
700
412
387
717
37
377
308
963
342
725
657
873
700
492
855
794
591
48
757
741
229
856
449
93
676
201
571
248
383
452
49
453
984
504
746
266
311
194
599
61
738
922
391
457
830
319
162
155
948
541
952
37
336
422
371
194
374
464
250
723
278
806
376
810
578
545
316
318
420
312
794
862
542
549
706
145
348
794
615
117
844
243
675
63
690
606
113
35
933
745
611
787
134
267
869
493
634
574
938
704
526
211
109
144
778
726
666
11
769
107
831
562
367
81
565
20
44
967
579
951
697
437
365
32
744
723
449
325
409
175
50
994
42
67
744
105
343
886
168
861
90
380
336
720
781
528
630
379
477
761
961
703
417
10
288
250
620
759
554
716
871
709
462
794
178
449
43
762
76
772
634
472
874
893
715
177
684
903
942
350
326
708
596
635
718
483
524
504
833
422
305
192
323
615
44
681
398
692
871
19
922
440
394
428
167
924
161
171
391
766
405
107
183
921
570
211
399
949
49
292
944
616
343
170
14
413
734
198
190
220
770
435
1
723
71
977
577
843
153
526
316
757
291
867
663
439
420
246
133
746
135
684
72
246
915
418
831
632
602
931
65
922
501
620
304
300
656
638
969
786
850
956
284
365
168
510
711
999
131
213
767
593
958
417
594
375
324
55
535
879
250
894
327
381
577
836
536
859
671
204
231
975
862
524
526
317
973
260
454
263
669
937
791
450
991
266
141
459
788
858
61
306
413
144
769
110
884
236
200
168
771
667
274
404
780
413
682
422
472
236
885
825
451
824
562
126
0
977
674
187
506
188
218
146
891
473
743
779
600
788
49
76
212
291
267
920
643
928
498
798
730
136
947
436
342
706
386
972
194
564
105
406
358
523
758
637
548
409
88
222
579
348
403
670
778
540
705
604
709
261
427
879
180
550
145
313
189
233
671
884
6
12
905
892
207
231
536
870
384
448
205
270
895
427
525
887
621
686
37
695
449
420
264
873
620
183
239
831
55
939
0
303
770
41
339
581
903
34
584
706
695
125
517
612
67
587
87
974
493
432
39
361
551
68
511
298
612
867
548
294
686
250
366
516
656
875
926
874
437
2
808
323
145
177
169
399
599
810
98
955
210
987
974
698
615
758
240
756
618
241
113
703
809
172
865
51
895
241
443
98
90
865
286
744
694
612
864
479
442
665
46
934
188
599
898
731
529
90
772
391
168
683
533
217
600
601
303
821
550
837
689
206
52
701
202
465
902
406
867
93
998
607
754
792
907
948
892
179
94
88
227
121
853
767
433
692
451
787
59
745
55
629
793
917
732
175
221
599
697
39
626
175
650
214
991
256
447
985
60
691
324
896
436
716
633
646
924
376
738
97
987
519
137
786
834
575
754
606
574
801
536
494
220
360
230
876
860
63
489
632
529
305
684
474
104
719
532
368
679
518
517
786
280
456
660
748
453
684
726
436
670
272
777
725
146
437
786
178
946
795
543
847
684
295
390
437
110
987
174
789
625
221
60
695
73
642
16
459
314
981
169
687
93
754
310
418
763
128
815
520
169
46
419
791
700
93
107
290
439
919
247
964
251
822
855
552
375
712
965
62
104
361
121
40
530
841
389
302
384
80
563
190
856
256
59
128
10
522
177
585
19
995
807
991
997
816
606
205
601
607
867
742
768
648
768
991
78
132
104
72
648
405
423
828
511
871
705
258
838
406
930
66
881
239
974
164
630
627
466
621
808
353
146
883
273
827
580
460
776
540
605
626
916
608
76
729
512
957
732
84
431
193
141
293
1
220
700
52
175
839
801
353
459
749
290
141
148
577
175
950
1
824
414
666
643
888
576
239
408
585
811
15
294
795
337
713
228
817
305
422
447
269
197
610
660
907
692
908
408
42
152
87
304
984
114
97
238
605
36
892
626
140
448
660
722
517
960
896
818
223
405
84
751
124
220
950
152
484
734
543
94
991
95
381
646
637
121
327
437
816
177
41
228
317
514
896
267
127
433
760
898
404
217
580
950
540
584
285
625
215
241
448
38
886
267
161
627
406
451
268
695
272
774
925
454
124
177
110
507
319
628
114
773
946
555
887
165
582
287
185
103
380
798
453
327
890
150
947
718
227
720
800
29
885
514
138
185
114
741
653
576
183
633
117
155
905
69
325
540
544
475
800
553
36
587
431
74
88
439
74
104
884
840
74
478
728
535
926
709
381
38
612
562
38
520
51
627
951
701
110
474
813
811
404
584
854
162
990
182
498
814
232
304
402
859
443
339
104
956
354
185
103
804
116
418
597
273
314
949
302
301
498
927
770
871
155
907
746
369
705
580
527
867
531
783
652
353
299
700
941
113
374
181
232
535
957
48
34
164
659
986
717
12
480
349
729
215
797
715
705
658
657
683
816
175
668
340
51
266
2
904
632
558
826
443
567
863
503
147
152
73
726
778
501
41
553
745
625
386
732
536
802
844
199
468
163
64
691
256
325
142
648
319
495
522
133
816
916
485
554
436
980
936
275
540
269
734
950
614
395
74
943
305
885
271
113
166
298
239
304
147
748
590
836
106
13
456
609
327
399
463
181
426
712
833
418
593
485
498
100
10
598
255
69
367
115
419
224
802
109
460
794
804
136
48
903
449
359
557
684
406
985
926
425
654
235
597
386
664
854
573
246
709
258
815
799
473
195
64
323
888
714
864
338
659
384
326
689
251
639
938
375
589
649
67
366
375
829
506
764
658
158
31
827
584
559
627
781
248
909
350
476
727
627
337
464
553
164
526
2
281
884
463
122
125
447
445
748
942
471
290
560
582
264
776
786
459
382
11
943
259
817
485
945
416
520
753
820
966
996
354
922
490
54
908
180
598
212
683
891
426
600
659
830
389
41
80
804
717
766
735
636
411
792
277
35
306
295
894
942
17
408
112
497
159
38
802
695
535
87
775
314
692
48
775
518
903
443
279
833
767
447
320
798
551
785
134
482
774
250
530
950
235
9
170
278
592
419
119
929
337
832
8
507
396
344
13
223
587
733
542
25
40
90
196
19
168
524
992
830
452
377
644
851
324
719
263
554
580
173
821
267
811
912
37
764
449
175
196
130
82
719
99
35
225
518
549
476
390
818
460
822
298
826
668
774
323
232
423
117
475
741
10
677
406
173
352
814
20
157
366
7
667
522
87
793
801
787
9
696
984
482
136
939
227
215
17
431
216
558
282
727
119
258
80
783
746
242
736
888
68
138
546
814
495
805
171
425
505
810
658
401
895
181
525
933
477
551
21
726
628
552
840
183
909
716
333
328
326
284
109
260
346
591
672
327
893
544
845
564
865
730
791
821
938
889
964
292
777
307
295
75
591
311
393
719
736
876
59
642
50
781
455
864
326
683
968
210
598
260
743
882
664
851
687
150
106
592
316
240
414
346
831
853
8
9
69
837
46
353
993
939
463
292
358
445
575
279
34
710
450
784
792
946
478
174
540
394
262
121
116
969
165
996
141
21
960
905
364
546
543
763
87
556
749
385
698
715
381
634
222
500
0
260
751
670
908
858
61
450
679
85
662
710
365
745
185
123
398
796
606
822
188
579
277
180
35
477
492
122
57
468
868
68
368
145
750
396
42
991
642
797
269
171
617
664
71
778
372
127
451
492
419
145
732
503
643
621
786
759
586
618
707
429
453
790
924
670
980
973
528
125
355
341
119
611
245
999
667
438
92
585
351
184
332
498
721
402
321
341
177
736
357
122
226
326
743
393
833
379
465
985
36
205
560
800
190
414
873
691
24
765
650
168
809
536
631
834
184
65
823
853
721
222
318
595
231
894
419
31
210
896
829
519
729
102
993
551
849
435
431
612
806
728
871
670
337
829
742
609
180
982
413
325
874
347
579
429
666
101
146
902
341
622
760
169
93
153
679
554
337
842
142
977
702
454
257
1
929
118
919
783
322
568
803
813
963
15
318
56
962
4
266
327
618
36
82
725
569
852
552
889
605
43
134
667
656
535
762
426
910
539
716
516
485
631
689
957
492
208
5
876
343
194
109
818
842
395
379
20
692
857
765
291
942
63
832
371
403
188
856
864
323
5
588
776
27
444
216
284
839
456
18
792
290
351
217
166
221
266
139
622
486
56
687
314
811
701
722
438
936
628
389
53
773
971
286
730
404
974
206
908
785
599
28
446
307
620
352
821
602
65
914
531
233
960
900
932
85
70
429
31
39
463
496
151
351
509
860
515
257
813
237
827
757
19
307
980
457
840
953
349
242
680
321
323
771
777
205
170
740
360
641
277
519
230
456
367
247
931
29
75
90
554
331
930
353
414
958
739
293
779
212
671
804
384
574
773
964
179
619
707
463
5
111
807
672
392
839
333
293
630
41
554
358
644
730
456
277
23
919
874
622
597
464
363
57
224
258
626
397
230
69
113
279
53
957
222
123
109
356
33
267
310
744
831
78
531
121
231
946
935
725
739
349
919
103
49
712
24
486
434
981
923
770
538
923
94
133
626
216
702
935
571
278
217
818
292
521
288
407
501
344
708
976
420
561
297
896
544
122
689
736
181
885
946
316
256
468
498
653
859
854
185
24
634
152
913
543
591
520
682
478
99
166
289
873
510
443
209
363
482
278
202
322
123
69
913
586
657
929
945
135
800
966
504
215
567
817
501
495
817
626
945
365
977
748
395
446
873
899
297
241
613
46
555
923
483
212
370
140
22
427
961
794
995
967
763
84
835
609
165
154
98
952
933
388
439
532
292
328
573
392
896
712
346
999
821
979
526
323
556
218
982
794
84
141
26
834
529
192
483
270
98
297
529
866
967
547
212
667
787
215
178
643
270
409
904
51
383
601
716
665
336
580
523
965
161
826
982
567
530
777
450
955
339
762
712
527
294
58
306
644
304
636
991
163
612
948
937
58
401
663
253
527
573
898
515
517
353
560
383
885
654
296
791
918
704
758
981
352
91
817
687
661
740
485
589
953
809
394
139
747
115
172
609
685
523
596
183
201
131
351
324
604
254
190
913
128
90
558
177
780
693
472
372
254
374
492
749
572
909
25
400
487
310
968
991
10
370
10
871
642
743
879
567
29
609
577
881
888
936
568
876
44
132
351
33
904
726
911
284
837
889
339
422
590
81
187
577
94
227
460
579
407
53
584
910
488
391
563
807
447
994
726
622
631
136
535
925
963
397
672
213
588
652
278
29
471
69
101
581
555
669
19
354
169
398
506
122
564
505
698
227
924
793
567
230
286
594
782
962
190
298
461
55
688
566
4
703
954
456
47
652
566
664
901
670
7
729
822
243
170
478
752
28
616
940
226
254
312
553
301
406
522
885
104
833
25
624
891
971
273
45
191
477
794
877
76
813
642
543
234
513
170
302
708
219
922
355
673
748
39
293
53
106
230
927
488
308
513
49
765
320
297
105
534
714
924
131
190
264
738
110
47
443
523
434
229
929
187
735
707
969
280
719
908
566
299
503
101
976
317
457
201
751
309
758
444
521
439
714
645
550
62
784
166
51
141
416
501
868
627
855
728
981
413
966
260
410
48
469
495
69
936
161
919
992
994
435
818
28
841
75
519
89
791
229
325
783
265
795
619
404
633
267
432
511
302
562
644
613
278
529
590
90
583
168
391
283
147
344
686
401
658
589
878
415
740
651
862
664
623
40
895
27
933
139
883
329
602
964
347
505
589
628
602
512
269
878
305
55
734
774
914
8
139
560
465
954
902
36
639
381
270
249
625
39
737
112
745
705
762
323
875
68
828
93
115
312
256
155
797
93
899
556
429
491
164
989
8
944
140
984
426
432
447
285
785
938
354
441
746
880
718
487
179
871
412
493
777
432
600
256
219
998
659
834
758
688
260
267
683
818
727
333
54
511
257
869
103
266
739
159
446
830
965
696
427
369
700
242
836
88
151
668
371
559
902
296
495
713
588
786
649
287
343
541
650
52
525
647
988
224
250
376
238
34
487
887
467
604
925
534
141
466
242
272
269
155
459
175
599
412
259
26
748
489
307
303
16
525
99
269
62
131
423
214
880
478
61
691
667
38
494
105
834
20
236
874
914
745
35
551
862
906
946
468
804
678
580
932
943
602
386
7
166
661
899
409
429
112
487
901
539
953
456
306
428
176
50
980
752
480
509
510
140
514
577
751
855
695
529
747
359
693
282
60
589
836
494
935
542
393
820
236
115
515
731
729
500
92
95
22
913
793
866
454
121
294
103
444
854
500
163
148
792
244
477
324
833
337
431
386
241
281
677
344
108
12
414
46
992
201
801
358
275
308
34
630
629
340
268
273
273
477
665
79
298
905
144
623
156
196
39
362
848
704
161
337
212
86
241
241
914
902
160
510
400
233
44
295
16
949
73
200
32
57
324
565
605
826
558
710
188
29
589
309
282
93
169
720
36
263
358
611
105
333
653
462
598
128
104
15
2
689
774
41
964
562
603
637
433
896
708
263
619
875
226
917
526
386
853
924
941
425
546
692
236
900
16
356
863
208
599
672
371
328
954
610
187
966
375
176
639
274
845
661
279
592
501
258
702
485
924
845
269
570
464
170
349
748
80
34
634
275
249
226
276
441
918
349
735
526
384
836
677
322
543
669
218
690
375
642
457
799
814
772
742
819
478
207
779
221
630
959
334
15
949
875
163
270
762
162
854
225
781
587
68
902
98
289
235
266
448
463
575
240
285
456
134
411
60
578
230
471
9
364
373
701
772
438
617
629
605
879
778
561
895
477
397
151
135
376
810
72
959
424
904
455
582
41
367
940
323
836
702
81
818
336
302
28
893
272
751
999
359
262
650
988
389
560
382
173
766
555
639
443
557
542
356
61
212
904
112
652
555
308
331
677
681
427
193
510
433
746
44
132
425
231
365
244
408
510
41
40
126
73
634
605
529
839
979
947
773
276
488
844
915
706
317
313
781
349
566
313
848
613
343
51
763
400
37
23
663
471
989
632
376
106
387
364
572
958
349
735
585
389
297
4
507
446
924
622
254
279
389
422
305
97
258
750
820
315
457
534
579
969
441
260
467
294
10
185
21
544
946
18
457
99
858
436
773
97
785
900
333
552
79
245
77
36
532
187
837
447
169
944
684
542
911
741
608
670
527
652
389
327
11
427
61
263
403
331
326
698
362
250
738
665
570
774
379
48
740
595
77
197
629
239
913
37
278
395
799
961
947
165
523
578
686
796
788
592
148
3
729
905
416
210
212
576
175
121
532
828
60
710
829
891
277
289
147
383
22
46
759
824
724
779
752
881
644
459
286
495
757
882
108
151
612
586
524
639
495
517
263
313
195
468
405
324
769
319
833
51
687
486
72
377
531
439
972
597
694
257
533
611
110
753
535
179
140
923
465
670
40
83
709
590
753
844
372
141
978
441
900
521
113
10
508
598
25
905
558
701
938
766
222
204
72
752
491
277
562
37
620
412
307
755
413
219
638
247
858
992
222
119
611
657
812
419
160
463
772
593
455
409
850
530
844
466
185
670
328
46
268
175
61
0
9
661
792
840
354
662
712
684
270
168
407
796
824
713
383
338
94
271
550
18
965
132
677
822
210
421
573
629
948
627
419
805
537
977
438
174
238
966
110
417
643
294
367
657
789
164
551
521
990
59
372
903
418
589
257
319
124
731
91
18
193
183
583
584
266
766
582
484
456
618
715
624
539
87
748
969
179
548
296
3
211
732
857
216
411
726
145
469
117
753
225
214
122
300
696
27
790
981
329
43
9
505
984
896
607
956
142
770
299
377
579
473
191
651
580
885
511
565
693
713
831
455
192
296
225
778
694
54
148
926
726
737
266
554
396
753
248
732
620
414
51
130
79
242
809
296
757
223
350
866
972
114
120
461
311
352
821
81
75
671
828
257
926
0
889
894
688
644
309
297
591
29
405
560
270
622
465
35
781
781
392
431
151
504
826
746
847
854
62
712
285
656
838
286
256
272
143
925
620
176
317
721
638
589
463
387
645
782
935
588
380
192
469
490
117
108
468
176
472
747
932
377
332
176
330
909
453
375
125
783
743
421
786
662
986
616
859
603
958
120
51
794
761
631
941
549
319
541
782
429
961
358
479
50
249
328
672
373
357
839
298
340
634
148
443
590
498
406
823
631
521
967
253
614
469
818
72
614
692
651
719
610
267
256
656
212
92
366
752
119
751
344
421
435
124
979
464
706
447
333
957
473
366
808
37
592
223
321
422
429
197
678
449
406
749
88
173
311
940
548
602
867
291
576
88
717
70
773
9
721
281
87
156
327
619
293
43
464
152
717
616
708
122
95
355
395
640
814
879
762
898
218
774
761
811
769
26
498
119
79
686
541
783
363
916
594
131
69
432
14
24
429
180
434
474
229
501
735
579
938
918
791
325
719
197
528
12
466
491
898
408
843
783
116
450
242
333
250
772
872
738
913
710
121
171
790
54
409
703
244
383
277
571
820
374
555
621
18
241
60
875
5
168
936
108
591
881
275
567
702
975
207
554
723
562
842
246
537
917
586
458
320
204
958
412
10
452
622
407
501
16
182
98
875
816
462
613
926
85
630
378
632
891
201
385
586
269
879
659
563
912
944
244
251
673
117
619
793
528
49
204
530
497
312
984
835
328
614
538
969
245
251
126
686
0
910
181
535
927
600
732
100
678
291
222
215
990
507
199
800
289
891
570
313
485
706
885
182
239
119
268
919
418
627
699
17
504
855
880
953
807
454
152
811
576
668
304
434
69
655
991
705
752
828
283
713
188
701
521
252
806
562
169
98
299
557
657
281
697
483
865
882
822
896
902
633
526
506
315
326
691
633
205
378
421
541
102
644
221
176
676
813
844
221
827
712
761
690
320
870
59
866
271
176
988
462
336
471
471
933
597
121
515
593
576
732
591
564
234
440
304
323
271
672
658
306
808
554
548
681
377
143
167
77
380
580
800
1
637
498
379
6
408
708
138
232
208
111
47
204
337
254
103
111
984
607
111
489
826
71
579
730
114
733
317
811
223
958
322
904
53
93
243
708
219
558
35
789
573
899
132
850
818
662
920
355
633
360
556
832
879
297
415
885
116
9
900
996
48
62
563
339
432
671
775
951
253
33
852
817
671
448
983
664
997
56
699
647
864
484
673
329
881
150
719
971
104
73
492
184
551
460
171
90
222
847
318
576
880
843
341
947
870
381
688
893
178
715
793
124
159
963
93
667
191
904
636
123
325
533
999
160
876
143
433
950
167
278
865
118
755
589
432
819
370
755
430
554
881
809
425
769
60
820
9
463
457
949
877
789
930
199
346
867
151
920
46
22
915
52
40
505
678
223
458
153
203
202
881
518
74
88
996
342
249
513
172
28
703
566
635
961
601
685
952
642
952
256
345
723
106
297
186
665
200
49
630
982
1
18
970
889
941
193
546
148
933
536
519
298
704
618
902
176
385
808
559
51
71
196
75
547
53
877
903
615
323
26
329
881
692
770
721
931
883
116
522
802
687
122
617
442
686
859
917
50
393
120
631
593
749
447
388
232
362
855
120
370
495
700
814
971
573
300
573
69
514
968
245
0
921
239
451
554
857
159
257
741
339
445
425
153
976
296
539
898
242
105
253
107
146
269
515
450
306
646
599
958
131
750
210
215
642
590
100
892
103
511
905
955
534
343
989
317
657
918
497
135
198
697
973
161
389
982
968
64
549
353
55
110
783
47
786
997
154
385
669
640
297
723
254
475
818
341
626
364
913
842
565
921
636
440
281
332
856
279
422
101
164
469
524
38
196
329
285
677
129
566
214
909
991
795
103
862
703
473
665
734
614
716
223
472
494
413
896
812
323
415
229
391
473
778
614
645
84
957
122
892
839
46
654
275
489
310
125
754
230
273
225
564
546
76
129
850
75
434
331
258
319
304
380
384
3
799
654
531
605
106
121
596
85
545
398
706
544
206
399
337
37
14
147
149
244
41
41
897
746
517
658
717
50
440
812
999
273
789
68
457
369
842
515
52
569
447
573
867
586
73
182
339
829
703
598
481
923
389
895
533
477
487
900
469
478
208
564
773
941
508
767
878
967
883
408
300
524
944
172
581
569
320
602
799
678
622
3
712
785
710
268
220
835
368
178
187
473
576
85
785
726
220
152
178
439
998
615
229
319
659
906
136
587
242
426
69
257
713
578
227
709
253
608
968
684
920
563
702
429
704
766
123
716
925
950
669
809
147
289
502
616
25
512
213
490
793
831
813
764
265
258
265
327
385
74
96
256
943
223
846
880
31
568
260
527
591
914
824
12
570
990
95
681
906
518
723
341
507
400
472
537
230
307
299
951
60
162
469
615
668
280
308
884
655
163
138
679
689
515
578
506
466
453
529
376
438
707
202
883
506
358
797
974
600
247
192
109
117
546
797
657
368
948
238
176
558
94
87
988
196
554
796
427
84
54
635
399
493
655
882
846
332
336
620
309
335
619
40
313
51
303
803
342
283
163
487
940
541
314
907
334
824
87
965
589
329
274
557
740
446
964
460
405
882
839
317
141
130
458
563
987
639
388
516
766
389
654
292
112
595
182
781
501
789
425
341
329
455
73
984
297
410
719
487
720
635
315
809
365
186
890
946
75
81
159
50
322
166
173
591
540
994
163
133
802
275
441
36
431
838
978
915
493
465
571
52
399
729
315
560
479
975
763
300
433
464
384
292
0
597
727
15
592
432
432
235
379
969
726
627
591
208
462
662
352
963
190
562
730
418
800
112
810
401
718
130
670
926
240
442
857
404
884
357
316
959
502
904
282
64
201
849
794
179
404
313
266
992
736
657
521
543
905
555
54
640
883
938
304
793
775
781
318
505
470
335
672
741
829
499
317
720
505
902
398
488
789
37
923
375
930
441
725
64
871
56
203
371
481
86
377
442
444
596
637
397
794
600
676
66
508
692
430
833
375
611
53
455
776
545
611
442
516
875
580
365
881
24
81
11
689
166
839
441
344
255
368
471
267
261
488
576
275
468
91
107
499
799
85
824
934
630
218
487
725
150
471
109
760
481
648
712
242
160
628
638
514
207
966
697
247
824
253
29
739
586
446
909
124
682
504
387
703
91
696
79
582
851
767
154
667
230
161
594
901
518
126
840
563
675
414
241
654
720
561
843
220
654
398
880
522
869
69
127
698
808
597
753
670
560
818
170
11
148
706
585
681
80
703
137
578
659
66
8
433
845
990
480
374
289
218
165
223
967
755
78
176
741
538
551
526
183
889
486
536
893
972
276
623
916
174
39
984
543
337
406
784
488
562
829
799
953
780
641
776
976
452
926
264
859
269
247
13
160
765
13
625
432
480
69
327
492
35
411
149
184
475
115
466
632
751
129
970
889
483
159
528
593
567
712
267
209
72
122
252
553
141
553
839
45
116
562
112
431
302
237
312
285
864
247
192
957
244
742
765
646
631
838
76
905
420
363
128
151
593
424
155
356
696
24
913
557
530
860
859
590
903
620
122
863
648
185
537
304
712
610
704
858
592
533
815
232
83
393
968
822
314
441
353
24
560
700
152
871
272
803
471
216
518
250
866
709
875
586
798
439
277
334
949
396
798
605
159
286
540
736
243
437
777
125
574
638
844
739
339
667
960
502
573
253
739
237
473
927
657
538
294
829
738
866
369
516
49
614
244
476
63
609
120
524
664
771
499
509
340
886
363
938
808
39
652
573
910
510
582
701
402
169
370
327
415
278
638
715
442
392
304
905
532
420
872
620
182
573
136
877
592
772
752