142
592
686
441
814
914
18
935
958
963
482
959
806
439
236
742
820
709
924
15
860
4
896
90
5
739
545
761
854
951
741
287
58
866
571
842
144
210
310
355
557
352
438
748
414
890
235
505
369
548
795
953
323
970
566
415
63
321
608
860
13
79
264
359
666
503
46
128
479
377
322
753
268
666
922
110
270
768
76
935
894
761
469
539
748
733
57
903
844
856
133
992
520
428
720
989
54
735
377
464
883
721
261
623
256
57
904
262
380
312
838
359
603
846
810
301
46
355
671
141
554
377
374
117
845
80
63
210
318
858
98
973
277
529
992
101
771
509
854
211
147
674
883
746
553
433
722
254
753
118
66
582
947
51
555
293
854
330
667
693
403
536
947
101
116
305
196
501
68
606
517
990
432
758
761
472
39
684
77
742
870
981
248
629
86
877
638
525
874
155
190
983
796
961
162
552
944
232
974
540
19
764
69
887
261
148
377
784
973
894
482
599
787
352
881
552
580
921
317
384
393
281
246
567
530
998
488
55
769
248
17
276
273
696
494
749
585
181
451
874
43
422
51
678
131
159
447
263
884
846
793
228
828
349
268
806
947
269
404
594
528
200
900
477
253
248
976
681
52
335
127
40
250
694
630
630
683
10
313
83
462
147
770
905
290
751
807
468
473
767
360
944
852
456
550
551
0
333
202
274
239
147
133
983
905
269
571
357
389
193
502
972
91
922
688
288
820
328
537
192
772
317
610
905
534
528
248
241
560
232
598
449
881
761
852
586
329
3
428
787
120
980
855
297
626
330
955
809
384
598
248
562
890
341
75
71
293
449
930
539
295
983
858
381
643
610
253
598
457
584
328
641
212
395
332
603
699
131
250
387
344
370
621
267
117
329
483
751
545
161
116
6
877
300
878
735
419
36
424
414
769
68
294
895
162
375
781
1
254
917
223
735
60
829
920
171
821
599
994
588
634
129
982
146
56
189
60
503
963
137
573
368
521
575
159
548
393
302
169
852
548
113
792
52
514
910
529
777
448
841
807
708
297
962
751
334
826
724
307
164
258
688
28
133
514
57
723
624
490
81
585
84
148
741
846
635
388
996
951
998
456
806
91
31
501
18
841
587
795
112
26
990
449
448
4
324
931
835
290
941
267
529
934
568
167
658
776
731
58
225
348
618
380
77
519
734
606
874
250
632
345
857
594
510
607
859
534
197
661
291
131
801
934
676
310
48
259
16
712
381
290
876
462
364
301
72
497
785
437
787
98
998
174
294
123
276
732
344
307
650
206
106
792
68
395
540
625
214
394
872
516
185
318
748
622
300
378
574
169
175
977
996
91
460
289
665
997
400
289
543
128
984
616
633
551
95
944
351
681
319
620
576
557
230
301
555
348
203
547
663
185
153
370
188
124
363
475
201
567
712
365
776
160
378
251
982
889
793
343
255
628
102
759
546
939
860
560
760
207
953
825
787
695
758
225
37
140
763
594
270
690
607
512
115
914
950
245
403
94
332
47
147
508
168
181
100
270
749
110
507
425
605
234
458
53
287
309
894
740
51
825
841
191
731
210
80
325
924
816
439
885
133
905
371
711
232
102
88
126
54
895
692
576
88
416
788
881
827
86
95
876
332
885
176
932
524
100
871
610
701
724
233
792
182
460
255
749
716
744
957
354
962
251
356
125
505
19
954
539
723
180
424
620
45
272
908
745
916
285
440
945
321
271
299
773
719
184
807
488
916
413
986
771
679
283
57
888
65
2
498
661
343
912
881
395
343
97
501
432
160
30
187
322
463
611
676
293
240
478
483
215
1
492
825
697
437
414
572
32
456
173
29
310
846
993
682
283
713
712
716
63
235
757
193
84
984
135
308
856
31
436
259
265
851
838
417
188
29
836
821
615
933
348
756
821
649
136
491
946
356
318
447
448
906
356
56
233
843
620
899
630
407
548
23
631
681
458
306
36
199
134
245
811
928
656
949
803
191
443
188
937
808
890
655
361
736
107
289
119
945
313
289
358
702
534
647
657
652
600
868
304
18
819
730
149
515
768
482
832
705
413
869
392
548
252
901
387
771
288
389
215
66
310
918
449
276
505
683
807
27
592
79
25
583
99
614
277
707
204
825
684
678
771
846
334
696
5
808
5
387
269
298
577
621
787
754
351
979
501
668
432
247
75
747
967
477
575
215
963
627
261
748
942
623
407
880
677
477
524
599
41
913
650
178
453
970
161
133
248
752
258
120
701
928
464
513
170
77
78
303
863
33
546
922
159
844
904
177
915
595