0
1
2
5
6
6
7
8
8
8
10
10
12
13
13
13
16
19
20
20
20
21
21
24
26
29
29
30
30
31
33
33
34
34
36
38
40
40
41
42
42
43
44
45
45
47
47
48
49
49
49
50
53
54
54
56
56
57
59
60
63
67
67
68
68
68
69
70
72
72
73
75
76
77
79
79
80
80
81
84
85
85
87
88
88
88
89
91
92
92
92
93
94
94
95
95
95
96
96
97
98
99
99
100
100
101
101
103
105
106
107
108
109
110
110
111
114
115
115
122
123
124
124
124
124
125
125
126
127
128
129
130
134
134
135
136
136
137
137
137
138
141
144
145
146
146
148
149
151
152
152
153
155
156
158
158
159
162
162
164
165
165
166
167
168
168
169
169
171
173
176
180
181
181
181
183
183
183
184
184
184
186
190
191
191
191
192
192
192
193
194
194
196
198
198
198
198
199
199
200
200
201
202
202
203
205
205
205
205
206
208
209
209
210
210
210
212
214
214
214
215
215
216
219
220
220
221
221
222
222
223
224
224
225
228
229
230
230
233
233
233
237
238
239
240
240
240
241
241
241
241
243
244
244
244
245
245
246
247
248
250
252
254
255
255
256
259
260
261
262
262
263
264
264
265
265
265
266
266
267
269
269
269
270
271
272
272
272
272
273
273
274
275
276
277
278
279
279
281
283
286
288
288
288
289
289
290
291
291
293
293
294
294
294
295
295
298
300
300
300
302
304
304
305
305
307
310
312
313
314
315
316
316
316
317
317
319
319
319
320
325
325
326
326
328
328
329
329
331
331
332
333
333
333
333
333
337
338
338
341
341
341
342
342
343
343
346
346
350
351
351
352
353
353
353
359
359
360
362
364
366
367
368
368
368
369
370
371
373
373
374
376
378
379
380
380
381
381
381
382
383
387
388
390
391
391
392
393
393
394
394
395
395
397
397
399
400
400
400
400
406
408
409
413
413
414
414
415
415
416
416
418
419
422
422
422
423
423
424
428
429
430
430
431
431
432
432
433
436
436
438
440
440
440
441
441
442
444
445
446
446
446
446
447
447
448
448
448
449
450
450
451
453
454
454
454
455
455
455
458
458
459
459
459
460
462
462
462
464
466
468
469
471
471
471
472
473
473
475
475
479
480
481
482
484
486
486
486
487
488
491
491
492
492
493
493
497
497
498
498
498
499
499
501
501
503
504
505
506
506
507
507
509
510
510
511
511
511
511
513
513
514
516
521
521
522
523
523
526
527
527
529
531
531
531
531
532
533
534
535
535
536
537
538
539
540
540
541
541
542
543
544
545
545
546
546
548
549
550
550
552
552
553
553
556
558
559
559
561
561
562
562
563
563
563
564
564
565
566
566
566
567
568
568
568
569
571
571
572
574
575
576
577
577
578
580
582
583
583
585
585
586
587
587
589
590
591
591
591
592
593
594
594
595
597
597
598
599
600
602
605
606
608
609
609
610
611
613
613
614
616
619
622
623
624
625
626
626
628
632
633
633
636
637
637
639
640
641
644
644
645
646
649
650
651
652
654
654
656
657
658
660
661
662
663
667
667
668
669
670
671
671
671
672
672
673
675
676
677
677
677
679
679
680
681
683
686
686
688
689
689
690
691
691
692
693
694
696
696
698
699
700
700
703
703
704
705
708
708
710
711
713
714
715
715
718
718
719
720
725
725
727
728
730
734
734
734
734
734
735
737
738
740
742
743
744
744
747
748
750
750
750
751
752
752
753
754
755
755
757
758
758
758
762
762
763
763
764
765
765
771
772
772
775
775
777
778
780
784
784
785
786
787
788
788
788
789
789
791
795
796
797
801
801
801
802
803
803
805
806
807
807
807
807
807
808
810
813
813
813
814
814
814
815
817
818
818
818
819
820
821
824
825
826
826
827
827
828
829
830
831
831
832
833
833
835
836
838
838
839
842
842
843
844
844
844
845
845
847
848
848
853
853
854
857
857
857
858
859
859
860
861
864
864
865
867
867
867
868
868
870
870
870
873
875
877
877
877
883
884
887
889
889
890
891
892
892
893
893
893
893
893
895
895
896
896
896
897
899
902
903
905
906
906
907
909
909
911
911
911
914
914
917
919
919
920
921
921
921
922
922
923
923
924
925
925
926
929
930
931
932
935
935
936
939
941
943
944
946
946
948
948
949
949
949
950
950
950
954
955
957
959
961
963
963
963
965
967
968
968
971
971
973
974
976
976
977
977
977
977
981
981
983
984
984
984
984
986
988
990
991
992
992
993
993
993
996
996
997
998